20
0 1000000000 1000000000 1000000000 1000000000 29 1000000000 54 55 1000000000 95 1000000000 1000000000 1000000000 52 1000000000 1000000000 1000000000 1000000000 1000000000
1000000000 0 1000000000 1000000000 41 1000000000 1000000000 48 1000000000 1000000000 41 100 1000000000 1000000000 46 7 1000000000 1000000000 1000000000 1000000000
1000000000 1000000000 0 1000000000 72 99 1000000000 1000000000 19 65 1000000000 100 1000000000 1000000000 24 1 80 1000000000 78 1000000000
1000000000 1000000000 1000000000 0 1000000000 90 1000000000 1000000000 1000000000 29 1000000000 49 1000000000 33 49 1000000000 66 1000000000 38 1000000000
1000000000 41 72 1000000000 0 1000000000 89 73 54 76 43 1000000000 82 42 27 52 98 1000000000 80 70
29 1000000000 99 90 1000000000 0 88 1000000000 1000000000 1000000000 1000000000 1000000000 1000000000 1000000000 1000000000 18 1000000000 55 1000000000 1000000000
1000000000 1000000000 1000000000 1000000000 89 88 0 1000000000 1000000000 1000000000 1000000000 1000000000 34 18 94 10 1000000000 1000000000 1000000000 19
54 48 1000000000 1000000000 73 1000000000 1000000000 0 2 1000000000 38 1000000000 1000000000 3 50 1000000000 65 1000000000 91 1000000000
55 1000000000 19 1000000000 54 1000000000 1000000000 2 0 1000000000 25 5 80 1000000000 27 1000000000 1000000000 1000000000 19 1000000000
1000000000 1000000000 65 29 76 1000000000 1000000000 1000000000 1000000000 0 89 70 1000000000 1000000000 1000000000 77 13 35 1000000000 1000000000
95 41 1000000000 1000000000 43 1000000000 1000000000 38 25 89 0 1000000000 41 58 1000000000 1000000000 48 92 93 100
1000000000 100 100 49 1000000000 1000000000 1000000000 1000000000 5 70 1000000000 0 39 76 1000000000 1000000000 19 1000000000 1000000000 1000000000
1000000000 1000000000 1000000000 1000000000 82 1000000000 34 1000000000 80 1000000000 41 39 0 1000000000 1000000000 1000000000 1000000000 31 1000000000 70
1000000000 1000000000 1000000000 33 42 1000000000 18 3 1000000000 1000000000 58 76 1000000000 0 1000000000 1000000000 1000000000 1000000000 1000000000 1000000000
52 46 24 49 27 1000000000 94 50 27 1000000000 1000000000 1000000000 1000000000 1000000000 0 96 1000000000 1000000000 1000000000 1000000000
1000000000 7 1 1000000000 52 18 10 1000000000 1000000000 77 1000000000 1000000000 1000000000 1000000000 96 0 67 1000000000 12 44
1000000000 1000000000 80 66 98 1000000000 1000000000 65 1000000000 13 48 19 1000000000 1000000000 1000000000 67 0 14 1000000000 46
1000000000 1000000000 1000000000 1000000000 1000000000 55 1000000000 1000000000 1000000000 35 92 1000000000 31 1000000000 1000000000 1000000000 14 0 1000000000 1000000000
1000000000 1000000000 78 38 80 1000000000 1000000000 91 19 1000000000 93 1000000000 1000000000 1000000000 1000000000 12 1000000000 1000000000 0 1000000000
1000000000 1000000000 1000000000 1000000000 70 1000000000 19 1000000000 1000000000 1000000000 100 1000000000 70 1000000000 1000000000 44 46 1000000000 1000000000 0
