20
0 74 1000000000 1000000000 1000000000 35 43 1000000000 27 1000000000 17 1000000000 50 1 24 60 67 1000000000 1000000000 78
74 0 1000000000 89 1000000000 1000000000 100 1000000000 1000000000 88 1000000000 1000000000 1000000000 100 1000000000 85 1000000000 18 11 27
1000000000 1000000000 0 1000000000 89 69 1000000000 1000000000 1000000000 1000000000 65 85 1000000000 76 1000000000 100 42 1000000000 1000000000 1000000000
1000000000 89 1000000000 0 31 37 1000000000 1000000000 1000000000 88 1000000000 31 21 1000000000 1000000000 1000000000 1000000000 1000000000 1000000000 49
1000000000 1000000000 89 31 0 76 1000000000 25 47 91 97 62 1000000000 1000000000 1000000000 64 44 1000000000 1000000000 83
35 1000000000 69 37 76 0 69 50 1 74 34 1000000000 1000000000 1000000000 1000000000 1000000000 1000000000 51 1000000000 1000000000
43 100 1000000000 1000000000 1000000000 69 0 9 1000000000 84 1000000000 1000000000 1000000000 1000000000 27 1000000000 4 69 1000000000 15
1000000000 1000000000 1000000000 1000000000 25 50 9 0 1000000000 1000000000 1000000000 58 1000000000 60 1000000000 29 1000000000 1000000000 48 1000000000
27 1000000000 1000000000 1000000000 47 1 1000000000 1000000000 0 1000000000 1000000000 1000000000 1000000000 1000000000 54 99 72 94 2 1000000000
1000000000 88 1000000000 88 91 74 84 1000000000 1000000000 0 10 1000000000 1000000000 90 78 1000000000 33 1000000000 1000000000 1000000000
17 1000000000 65 1000000000 97 34 1000000000 1000000000 1000000000 10 0 76 36 43 88 63 1000000000 9 1000000000 1000000000
1000000000 1000000000 85 31 62 1000000000 1000000000 58 1000000000 1000000000 76 0 1000000000 67 1000000000 1000000000 1000000000 1000000000 1000000000 1000000000
50 1000000000 1000000000 21 1000000000 1000000000 1000000000 1000000000 1000000000 1000000000 36 1000000000 0 40 82 11 1000000000 1000000000 84 1000000000
1 100 76 1000000000 1000000000 1000000000 1000000000 60 1000000000 90 43 67 40 0 1000000000 1000000000 31 54 1000000000 83
24 1000000000 1000000000 1000000000 1000000000 1000000000 27 1000000000 54 78 88 1000000000 82 1000000000 0 66 80 1000000000 1000000000 9
60 85 100 1000000000 64 1000000000 1000000000 29 99 1000000000 63 1000000000 11 1000000000 66 0 1000000000 6 1000000000 1000000000
67 1000000000 42 1000000000 44 1000000000 4 1000000000 72 33 1000000000 1000000000 1000000000 31 80 1000000000 0 1000000000 1000000000 91
1000000000 18 1000000000 1000000000 1000000000 51 69 1000000000 94 1000000000 9 1000000000 1000000000 54 1000000000 6 1000000000 0 71 1000000000
1000000000 11 1000000000 1000000000 1000000000 1000000000 1000000000 48 2 1000000000 1000000000 1000000000 84 1000000000 1000000000 1000000000 1000000000 71 0 1000000000
78 27 1000000000 49 83 1000000000 15 1000000000 1000000000 1000000000 1000000000 1000000000 1000000000 83 9 1000000000 91 1000000000 1000000000 0
