20
9999 9999 9999 9999 9999 9999 9999 9999 9999 9999 9999 9999 9999 9999 9999 9999 9999 9999 9999 9999
9999 9999 5 53 1 1 74 93 88 39 11 34 69 70 9999 9 63 54 22 9
9999 5 9999 78 68 9999 20 46 9999 97 9999 80 7 21 87 22 9999 30 94 60
9999 53 78 9999 12 81 69 73 22 98 83 5 12 41 13 57 17 78 20 9999
9999 1 68 12 9999 12 82 96 58 89 39 52 29 78 62 66 53 59 37 40
9999 1 9999 81 12 9999 64 60 71 99 3 38 72 8 61 59 45 82 56 91
9999 74 20 69 82 64 9999 14 47 39 15 83 88 29 9999 12 40 9999 49 33
9999 93 46 73 96 60 14 9999 59 70 14 22 55 10 1 66 69 89 9999 13
9999 88 9999 22 58 71 47 59 9999 91 54 72 23 59 92 84 93 46 27 29
9999 39 97 98 89 99 39 70 91 9999 48 95 85 31 50 1 9999 96 14 9999
9999 11 9999 83 39 3 15 14 54 48 9999 35 23 77 12 9999 54 27 51 32
9999 34 80 5 52 38 83 22 72 95 35 9999 25 60 27 9999 1 53 16 9999
9999 69 7 12 29 72 88 55 23 85 23 25 9999 61 50 100 41 2 7 44
9999 70 21 41 78 8 29 10 59 31 77 60 61 9999 14 73 42 78 7 8
9999 9999 87 13 62 61 9999 1 92 50 12 27 50 14 9999 73 9999 50 44 39
9999 9 22 57 66 59 12 66 84 1 9999 9999 100 73 73 9999 95 4 64 99
9999 63 9999 17 53 45 40 69 93 9999 54 1 41 42 9999 95 9999 8 86 37
9999 54 30 78 59 82 9999 89 46 96 27 53 2 78 50 4 8 9999 46 88
9999 22 94 20 37 56 49 9999 27 14 51 16 7 7 44 64 86 46 9999 48
9999 9 60 9999 40 91 33 13 29 9999 32 9999 44 8 39 99 37 88 48 9999
