20
9999 9999 9999 9999 9999 9999 9999 9999 9999 9999 9999 9999 9999 9999 9999 9999 9999 9999 9999 9999
9999 9999 25 83 59 24 65 36 5 37 60 74 49 86 11 75 46 81 49 99
9999 25 9999 23 88 74 89 38 81 81 97 7 48 64 65 82 45 36 34 64
9999 83 23 9999 42 67 82 6 62 83 22 67 89 79 75 33 4 35 7 65
9999 59 88 42 9999 25 87 32 3 25 62 89 33 58 9 63 65 100 95 41
9999 24 74 67 25 9999 24 45 56 39 17 92 14 27 61 91 34 41 22 76
9999 65 89 82 87 24 9999 88 40 69 4 5 57 12 29 90 100 46 20 76
9999 36 38 6 32 45 88 9999 50 87 4 47 97 23 48 64 73 24 69 78
9999 5 81 62 3 56 40 50 9999 41 91 72 85 42 52 52 17 78 40 12
9999 37 81 83 25 39 69 87 41 9999 45 71 30 40 67 15 62 68 28 48
9999 60 97 22 62 17 4 4 91 45 9999 25 27 57 27 96 69 26 26 91
9999 74 7 67 89 92 5 47 72 71 25 9999 39 39 17 50 18 58 90 8
9999 49 48 89 33 14 57 97 85 30 27 39 9999 79 34 86 29 13 63 62
9999 86 64 79 58 27 12 23 42 40 57 39 79 9999 72 66 71 16 65 3
9999 11 65 75 9 61 29 48 52 67 27 17 34 72 9999 20 32 36 5 85
9999 75 82 33 63 91 90 64 52 15 96 50 86 66 20 9999 54 14 77 72
9999 46 45 4 65 34 100 73 17 62 69 18 29 71 32 54 9999 22 98 42
9999 81 36 35 100 41 46 24 78 68 26 58 13 16 36 14 22 9999 51 6
9999 49 34 7 95 22 20 69 40 28 26 90 63 65 5 77 98 51 9999 39
9999 99 64 65 41 76 76 78 12 48 91 8 62 3 85 72 42 6 39 9999
