20
0 1000000000 22 5 47 1000000000 64 23 3 1000000000 1000000000 55 58 84 23 1000000000 1000000000 1000000000 1000000000 1000000000
1000000000 0 39 40 1000000000 21 1000000000 84 1000000000 77 1000000000 40 95 1000000000 52 1000000000 1000000000 53 1000000000 22
22 39 0 1000000000 1000000000 1000000000 1000000000 42 1000000000 1000000000 21 1000000000 1000000000 1000000000 74 100 46 1000000000 5 28
5 40 1000000000 0 1000000000 33 94 1000000000 1000000000 8 45 1000000000 54 1000000000 1000000000 53 1000000000 1000000000 1000000000 91
47 1000000000 1000000000 1000000000 0 1000000000 1000000000 1000000000 80 1000000000 1000000000 1000000000 6 14 1000000000 1000000000 1000000000 1000000000 71 1000000000
1000000000 21 1000000000 33 1000000000 0 64 1000000000 1000000000 1000000000 1000000000 1000000000 93 1000000000 1000000000 1000000000 1000000000 1000000000 14 70
64 1000000000 1000000000 94 1000000000 64 0 52 1000000000 61 1000000000 1000000000 1000000000 91 71 1000000000 1000000000 1000000000 1000000000 1000000000
23 84 42 1000000000 1000000000 1000000000 52 0 1000000000 88 94 18 1000000000 5 1000000000 1000000000 1000000000 1000000000 78 52
3 1000000000 1000000000 1000000000 80 1000000000 1000000000 1000000000 0 99 1000000000 87 1000000000 96 1000000000 1000000000 1000000000 49 1000000000 1000000000
1000000000 77 1000000000 8 1000000000 1000000000 61 88 99 0 1000000000 30 1000000000 1000000000 100 1000000000 73 1000000000 1000000000 1000000000
1000000000 1000000000 21 45 1000000000 1000000000 1000000000 94 1000000000 1000000000 0 1000000000 1000000000 17 1000000000 1000000000 40 1000000000 69 60
55 40 1000000000 1000000000 1000000000 1000000000 1000000000 18 87 30 1000000000 0 1000000000 1000000000 1000000000 23 1000000000 27 87 1000000000
58 95 1000000000 54 6 93 1000000000 1000000000 1000000000 1000000000 1000000000 1000000000 0 1000000000 1000000000 1000000000 47 1000000000 99 1000000000
84 1000000000 1000000000 1000000000 14 1000000000 91 5 96 1000000000 17 1000000000 1000000000 0 44 27 23 1000000000 83 1000000000
23 52 74 1000000000 1000000000 1000000000 71 1000000000 1000000000 100 1000000000 1000000000 1000000000 44 0 1000000000 31 66 1000000000 1000000000
1000000000 1000000000 100 53 1000000000 1000000000 1000000000 1000000000 1000000000 1000000000 1000000000 23 1000000000 27 1000000000 0 67 6 1000000000 1000000000
1000000000 1000000000 46 1000000000 1000000000 1000000000 1000000000 1000000000 1000000000 73 40 1000000000 47 23 31 67 0 45 92 1000000000
1000000000 53 1000000000 1000000000 1000000000 1000000000 1000000000 1000000000 49 1000000000 1000000000 27 1000000000 1000000000 66 6 45 0 39 1000000000
1000000000 1000000000 5 1000000000 71 14 1000000000 78 1000000000 1000000000 69 87 99 83 1000000000 1000000000 92 39 0 60
1000000000 22 28 91 1000000000 70 1000000000 52 1000000000 1000000000 60 1000000000 1000000000 1000000000 1000000000 1000000000 1000000000 1000000000 60 0
