20
0 1000000000 1000000000 7 1000000000 1000000000 1000000000 100 1000000000 55 69 65 60 1000000000 1000000000 41 36 1000000000 70 1000000000
1000000000 0 37 3 87 16 1000000000 1000000000 1000000000 1000000000 83 17 1000000000 20 1000000000 28 1000000000 1000000000 19 1000000000
1000000000 37 0 61 88 42 97 1000000000 1000000000 1000000000 4 1000000000 45 1000000000 53 1000000000 58 88 30 1000000000
7 3 61 0 1000000000 6 1000000000 80 31 1000000000 16 76 83 1000000000 46 41 51 10 1000000000 1000000000
1000000000 87 88 1000000000 0 1000000000 1000000000 84 51 7 1000000000 1000000000 1000000000 1000000000 19 50 1000000000 47 93 68
1000000000 16 42 6 1000000000 0 14 1000000000 1000000000 1000000000 46 83 1000000000 1000000000 1000000000 36 29 18 1000000000 4
1000000000 1000000000 97 1000000000 1000000000 14 0 1000000000 1000000000 68 1000000000 30 1000000000 1000000000 1000000000 1000000000 1000000000 43 1000000000 1000000000
100 1000000000 1000000000 80 84 1000000000 1000000000 0 52 1000000000 80 1000000000 1000000000 1000000000 25 1000000000 1000000000 3 1000000000 9
1000000000 1000000000 1000000000 31 51 1000000000 1000000000 52 0 1000000000 61 90 47 24 94 50 93 32 90 1000000000
55 1000000000 1000000000 1000000000 7 1000000000 68 1000000000 1000000000 0 13 1000000000 1000000000 1000000000 1000000000 67 1000000000 98 4 1000000000
69 83 4 16 1000000000 46 1000000000 80 61 13 0 20 98 1000000000 35 49 1000000000 1000000000 1000000000 2
65 17 1000000000 76 1000000000 83 30 1000000000 90 1000000000 20 0 64 52 1000000000 1000000000 1000000000 79 100 1000000000
60 1000000000 45 83 1000000000 1000000000 1000000000 1000000000 47 1000000000 98 64 0 56 22 12 39 1000000000 1000000000 1000000000
1000000000 20 1000000000 1000000000 1000000000 1000000000 1000000000 1000000000 24 1000000000 1000000000 52 56 0 1000000000 39 1000000000 1000000000 21 2
1000000000 1000000000 53 46 19 1000000000 1000000000 25 94 1000000000 35 1000000000 22 1000000000 0 27 90 39 46 56
41 28 1000000000 41 50 36 1000000000 1000000000 50 67 49 1000000000 12 39 27 0 41 1000000000 67 1000000000
36 1000000000 58 51 1000000000 29 1000000000 1000000000 93 1000000000 1000000000 1000000000 39 1000000000 90 41 0 16 1000000000 21
1000000000 1000000000 88 10 47 18 43 3 32 98 1000000000 79 1000000000 1000000000 39 1000000000 16 0 1000000000 1000000000
70 19 30 1000000000 93 1000000000 1000000000 1000000000 90 4 1000000000 100 1000000000 21 46 67 1000000000 1000000000 0 35
1000000000 1000000000 1000000000 1000000000 68 4 1000000000 9 1000000000 1000000000 2 1000000000 1000000000 2 56 1000000000 21 1000000000 35 0
