20
0 1000000000 87 1000000000 69 11 75 1000000000 20 25 9 57 100 48 30 1000000000 1000000000 1000000000 1000000000 11
1000000000 0 99 1000000000 1000000000 1000000000 22 1000000000 1000000000 1000000000 59 1000000000 96 1000000000 1000000000 1000000000 1000000000 5 1000000000 1000000000
87 99 0 1000000000 67 1000000000 63 1000000000 1000000000 16 1000000000 24 88 1000000000 1000000000 25 1000000000 1000000000 1000000000 71
1000000000 1000000000 1000000000 0 43 1000000000 8 1000000000 85 1000000000 19 76 1000000000 22 5 1000000000 1000000000 1000000000 5 1000000000
69 1000000000 67 43 0 1000000000 99 21 48 37 86 1000000000 1000000000 36 6 1000000000 86 39 1000000000 13
11 1000000000 1000000000 1000000000 1000000000 0 1000000000 1000000000 1000000000 1000000000 1000000000 65 1000000000 1000000000 1000000000 1000000000 1000000000 6 1000000000 1000000000
75 22 63 8 99 1000000000 0 1000000000 1000000000 1000000000 1000000000 1000000000 82 1000000000 1000000000 48 24 1000000000 27 22
1000000000 1000000000 1000000000 1000000000 21 1000000000 1000000000 0 1000000000 63 100 29 1000000000 69 28 13 1000000000 46 1000000000 1000000000
20 1000000000 1000000000 85 48 1000000000 1000000000 1000000000 0 1000000000 1000000000 1000000000 14 39 1000000000 1000000000 37 45 1000000000 1000000000
25 1000000000 16 1000000000 37 1000000000 1000000000 63 1000000000 0 21 1000000000 1000000000 86 37 1000000000 1000000000 1000000000 1000000000 1000000000
9 59 1000000000 19 86 1000000000 1000000000 100 1000000000 21 0 1000000000 1000000000 44 78 1000000000 1000000000 84 1000000000 82
57 1000000000 24 76 1000000000 65 1000000000 29 1000000000 1000000000 1000000000 0 97 46 1000000000 8 1000000000 1000000000 1000000000 1000000000
100 96 88 1000000000 1000000000 1000000000 82 1000000000 14 1000000000 1000000000 97 0 1000000000 1000000000 1000000000 1000000000 1000000000 1000000000 1000000000
48 1000000000 1000000000 22 36 1000000000 1000000000 69 39 86 44 46 1000000000 0 97 1000000000 63 1000000000 66 1000000000
30 1000000000 1000000000 5 6 1000000000 1000000000 28 1000000000 37 78 1000000000 1000000000 97 0 97 39 1000000000 17 1000000000
1000000000 1000000000 25 1000000000 1000000000 1000000000 48 13 1000000000 1000000000 1000000000 8 1000000000 1000000000 97 0 66 1000000000 72 61
1000000000 1000000000 1000000000 1000000000 86 1000000000 24 1000000000 37 1000000000 1000000000 1000000000 1000000000 63 39 66 0 1000000000 1000000000 1000000000
1000000000 5 1000000000 1000000000 39 6 1000000000 46 45 1000000000 84 1000000000 1000000000 1000000000 1000000000 1000000000 1000000000 0 1000000000 1000000000
1000000000 1000000000 1000000000 5 1000000000 1000000000 27 1000000000 1000000000 1000000000 1000000000 1000000000 1000000000 66 17 72 1000000000 1000000000 0 26
11 1000000000 71 1000000000 13 1000000000 22 1000000000 1000000000 1000000000 82 1000000000 1000000000 1000000000 1000000000 61 1000000000 1000000000 26 0
