20
0 1000000000 83 78 1000000000 1000000000 1000000000 77 93 1000000000 1000000000 1000000000 1000000000 1000000000 1000000000 1000000000 1000000000 28 100 1000000000
1000000000 0 52 1000000000 1000000000 1000000000 98 1000000000 1000000000 38 1000000000 73 47 1000000000 1000000000 55 1000000000 1000000000 79 1000000000
83 52 0 1000000000 44 53 23 21 1000000000 1000000000 75 38 70 1000000000 1000000000 1000000000 1000000000 1000000000 1000000000 1000000000
78 1000000000 1000000000 0 1000000000 1000000000 27 1000000000 74 25 1000000000 71 40 1000000000 1000000000 1000000000 1000000000 1000000000 33 30
1000000000 1000000000 44 1000000000 0 60 1000000000 3 37 1000000000 1000000000 1000000000 1000000000 52 1000000000 1000000000 21 1000000000 71 60
1000000000 1000000000 53 1000000000 60 0 1000000000 96 96 97 90 1000000000 30 1000000000 1000000000 1000000000 14 79 1000000000 45
1000000000 98 23 27 1000000000 1000000000 0 1000000000 2 1000000000 76 19 35 1000000000 57 74 1 99 15 71
77 1000000000 21 1000000000 3 96 1000000000 0 42 15 1000000000 9 1000000000 1000000000 1000000000 81 1000000000 2 69 1000000000
93 1000000000 1000000000 74 37 96 2 42 0 1000000000 1000000000 2 1000000000 89 1000000000 1 16 18 1000000000 84
1000000000 38 1000000000 25 1000000000 97 1000000000 15 1000000000 0 61 1000000000 39 76 1000000000 1000000000 21 98 1000000000 64
1000000000 1000000000 75 1000000000 1000000000 90 76 1000000000 1000000000 61 0 1000000000 33 5 27 16 1000000000 1000000000 92 1000000000
1000000000 73 38 71 1000000000 1000000000 19 9 2 1000000000 1000000000 0 1000000000 73 1000000000 91 1000000000 25 68 11
1000000000 47 70 40 1000000000 30 35 1000000000 1000000000 39 33 1000000000 0 54 1000000000 56 45 47 1000000000 39
1000000000 1000000000 1000000000 1000000000 52 1000000000 1000000000 1000000000 89 76 5 73 54 0 23 43 71 1000000000 65 61
1000000000 1000000000 1000000000 1000000000 1000000000 1000000000 57 1000000000 1000000000 1000000000 27 1000000000 1000000000 23 0 1000000000 92 50 11 1000000000
1000000000 55 1000000000 1000000000 1000000000 1000000000 74 81 1 1000000000 16 91 56 43 1000000000 0 1000000000 25 1000000000 1000000000
1000000000 1000000000 1000000000 1000000000 21 14 1 1000000000 16 21 1000000000 1000000000 45 71 92 1000000000 0 95 89 49
28 1000000000 1000000000 1000000000 1000000000 79 99 2 18 98 1000000000 25 47 1000000000 50 25 95 0 61 92
100 79 1000000000 33 71 1000000000 15 69 1000000000 1000000000 92 68 1000000000 65 11 1000000000 89 61 0 27
1000000000 1000000000 1000000000 30 60 45 71 1000000000 84 64 1000000000 11 39 61 1000000000 1000000000 49 92 27 0
