32
0 28 64 66 1 56 1000000000 100 77 95 94 1000000000 1000000000 62 1000000000 1000000000 91 1000000000 1000000000 1000000000 1000000000 28 1000000000 1000000000 61 1000000000 39 81 1000000000 66 1000000000 86
28 0 1000000000 1000000000 7 62 1000000000 1000000000 99 1000000000 83 11 84 1000000000 4 65 1 95 1000000000 1000000000 1000000000 1000000000 9 53 42 1000000000 1000000000 1000000000 90 1000000000 1000000000 1000000000
64 1000000000 0 42 1000000000 1000000000 1000000000 1000000000 59 82 99 1000000000 4 1000000000 1000000000 92 6 1000000000 1000000000 99 1000000000 1000000000 1000000000 42 1000000000 1000000000 1000000000 1000000000 1000000000 91 2 1000000000
66 1000000000 42 0 1000000000 91 1000000000 1000000000 1000000000 1000000000 69 1000000000 1000000000 1000000000 1000000000 38 1000000000 1000000000 73 1000000000 1000000000 1000000000 1000000000 1000000000 22 1000000000 1000000000 1000000000 1000000000 1000000000 4 45
1 7 1000000000 1000000000 0 1000000000 1000000000 1000000000 1000000000 1000000000 45 1000000000 6 1000000000 1000000000 38 1000000000 1000000000 1000000000 1000000000 1000000000 79 1000000000 1000000000 1 33 1 1000000000 1000000000 72 1000000000 74
56 62 1000000000 91 1000000000 0 1000000000 1000000000 1000000000 75 1000000000 1000000000 34 1000000000 79 41 98 89 1000000000 1000000000 1000000000 76 1000000000 1000000000 1000000000 1000000000 1000000000 1000000000 1000000000 1000000000 1000000000 85
1000000000 1000000000 1000000000 1000000000 1000000000 1000000000 0 62 1000000000 1000000000 1000000000 76 1000000000 1000000000 1000000000 1000000000 1000000000 1000000000 1000000000 52 19 1000000000 1000000000 1000000000 25 37 1000000000 3 66 1000000000 34 1000000000
100 1000000000 1000000000 1000000000 1000000000 1000000000 62 0 1000000000 76 1000000000 1000000000 81 1000000000 1000000000 66 1000000000 1000000000 1000000000 45 1000000000 60 1000000000 1000000000 1000000000 27 1000000000 1000000000 1000000000 1000000000 1000000000 84
77 99 59 1000000000 1000000000 1000000000 1000000000 1000000000 0 1000000000 1000000000 1000000000 1000000000 71 1000000000 73 19 24 82 1000000000 83 1000000000 45 16 96 1000000000 8 35 1000000000 97 61 1000000000
95 1000000000 82 1000000000 1000000000 75 1000000000 76 1000000000 0 1000000000 1000000000 1000000000 1000000000 30 39 1000000000 1000000000 68 1000000000 1000000000 1000000000 1000000000 40 60 18 98 22 1000000000 83 1000000000 61
94 83 99 69 45 1000000000 1000000000 1000000000 1000000000 1000000000 0 66 68 1000000000 1000000000 1000000000 58 1000000000 88 31 1000000000 1000000000 1000000000 77 61 67 1000000000 1000000000 1000000000 1000000000 1000000000 63
1000000000 11 1000000000 1000000000 1000000000 1000000000 76 1000000000 1000000000 1000000000 66 0 1000000000 1000000000 1000000000 1000000000 34 1000000000 1000000000 4 1000000000 72 16 65 18 1000000000 50 1000000000 1000000000 1000000000 1000000000 1000000000
1000000000 84 4 1000000000 6 34 1000000000 81 1000000000 1000000000 68 1000000000 0 1000000000 7 51 1000000000 96 30 1000000000 1000000000 44 1000000000 67 1000000000 1000000000 1000000000 1000000000 1000000000 76 61 27
62 1000000000 1000000000 1000000000 1000000000 1000000000 1000000000 1000000000 71 1000000000 1000000000 1000000000 1000000000 0 1000000000 1000000000 15 1000000000 43 39 1000000000 9 78 81 1000000000 1000000000 55 1000000000 41 1000000000 36 1000000000
1000000000 4 1000000000 1000000000 1000000000 79 1000000000 1000000000 1000000000 30 1000000000 1000000000 7 1000000000 0 28 38 2 1000000000 1000000000 1000000000 60 1000000000 1000000000 95 1000000000 21 1000000000 1000000000 1000000000 14 20
1000000000 65 92 38 38 41 1000000000 66 73 39 1000000000 1000000000 51 1000000000 28 0 1000000000 1000000000 1000000000 70 1000000000 67 24 1000000000 44 90 1000000000 62 99 1000000000 1000000000 1000000000
91 1 6 1000000000 1000000000 98 1000000000 1000000000 19 1000000000 58 34 1000000000 15 38 1000000000 0 39 1000000000 1000000000 1000000000 93 1000000000 1000000000 1000000000 1000000000 1000000000 1000000000 1000000000 1000000000 1000000000 1000000000
1000000000 95 1000000000 1000000000 1000000000 89 1000000000 1000000000 24 1000000000 1000000000 1000000000 96 1000000000 2 1000000000 39 0 29 18 1000000000 69 1000000000 87 29 1000000000 1000000000 14 50 1000000000 1000000000 88
1000000000 1000000000 1000000000 73 1000000000 1000000000 1000000000 1000000000 82 68 88 1000000000 30 43 1000000000 1000000000 1000000000 29 0 1000000000 1000000000 97 1000000000 88 1000000000 12 1000000000 74 56 1000000000 99 1000000000
1000000000 1000000000 99 1000000000 1000000000 1000000000 52 45 1000000000 1000000000 31 4 1000000000 39 1000000000 70 1000000000 18 1000000000 0 70 23 1000000000 1000000000 100 54 1000000000 1000000000 1000000000 25 79 1000000000
1000000000 1000000000 1000000000 1000000000 1000000000 1000000000 19 1000000000 83 1000000000 1000000000 1000000000 1000000000 1000000000 1000000000 1000000000 1000000000 1000000000 1000000000 70 0 1000000000 90 1000000000 1000000000 100 49 34 1000000000 4 79 1000000000
28 1000000000 1000000000 1000000000 79 76 1000000000 60 1000000000 1000000000 1000000000 72 44 9 60 67 93 69 97 23 1000000000 0 44 92 1000000000 1000000000 100 1000000000 1000000000 25 1000000000 1000000000
1000000000 9 1000000000 1000000000 1000000000 1000000000 1000000000 1000000000 45 1000000000 1000000000 16 1000000000 78 1000000000 24 1000000000 1000000000 1000000000 1000000000 90 44 0 1000000000 1000000000 63 1000000000 20 74 46 79 1000000000
1000000000 53 42 1000000000 1000000000 1000000000 1000000000 1000000000 16 40 77 65 67 81 1000000000 1000000000 1000000000 87 88 1000000000 1000000000 92 1000000000 0 48 1000000000 52 1000000000 75 79 65 1000000000
61 42 1000000000 22 1 1000000000 25 1000000000 96 60 61 18 1000000000 1000000000 95 44 1000000000 29 1000000000 100 1000000000 1000000000 1000000000 48 0 1000000000 1000000000 1000000000 1000000000 1000000000 1000000000 54
1000000000 1000000000 1000000000 1000000000 33 1000000000 37 27 1000000000 18 67 1000000000 1000000000 1000000000 1000000000 90 1000000000 1000000000 12 54 100 1000000000 63 1000000000 1000000000 0 1000000000 1000000000 11 1000000000 1000000000 52
39 1000000000 1000000000 1000000000 1 1000000000 1000000000 1000000000 8 98 1000000000 50 1000000000 55 21 1000000000 1000000000 1000000000 1000000000 1000000000 49 100 1000000000 52 1000000000 1000000000 0 93 1000000000 1000000000 1000000000 1000000000
81 1000000000 1000000000 1000000000 1000000000 1000000000 3 1000000000 35 22 1000000000 1000000000 1000000000 1000000000 1000000000 62 1000000000 14 74 1000000000 34 1000000000 20 1000000000 1000000000 1000000000 93 0 1000000000 1000000000 60 94
1000000000 90 1000000000 1000000000 1000000000 1000000000 66 1000000000 1000000000 1000000000 1000000000 1000000000 1000000000 41 1000000000 99 1000000000 50 56 1000000000 1000000000 1000000000 74 75 1000000000 11 1000000000 1000000000 0 1000000000 1000000000 98
66 1000000000 91 1000000000 72 1000000000 1000000000 1000000000 97 83 1000000000 1000000000 76 1000000000 1000000000 1000000000 1000000000 1000000000 1000000000 25 4 25 46 79 1000000000 1000000000 1000000000 1000000000 1000000000 0 1000000000 1000000000
1000000000 1000000000 2 4 1000000000 1000000000 34 1000000000 61 1000000000 1000000000 1000000000 61 36 14 1000000000 1000000000 1000000000 99 79 79 1000000000 79 65 1000000000 1000000000 1000000000 60 1000000000 1000000000 0 11
86 1000000000 1000000000 45 74 85 1000000000 84 1000000000 61 63 1000000000 27 1000000000 20 1000000000 1000000000 88 1000000000 1000000000 1000000000 1000000000 1000000000 1000000000 54 52 1000000000 94 98 1000000000 11 0
